TSP SOLVER RESULTS - Qatar Dataset
============================================================

Algorithm Parameters:
  Population Size: 200
  Generations: 1000
  Crossover Rate: 0.85
  Mutation Rate: 0.15
  Elitism Count: 5
  Tournament Size: 5

Results:
  Best Tour Distance: 14486.00
  Initial Best Distance: 83970.29
  Improvement: 69484.28 (82.75%)
  Final Average Distance: 16436.12

Best Tour (city indices):
[40, 53, 51, 47, 57, 55, 45, 43, 48, 49, 41, 33, 39, 36, 26, 32, 59, 68, 73, 77, 74, 75, 86, 79, 70, 58, 62, 88, 97, 103, 110, 129, 118, 143, 140, 151, 149, 153, 137, 138, 145, 144, 155, 148, 139, 136, 141, 152, 158, 157, 161, 165, 170, 166, 156, 163, 162, 160, 168, 181, 175, 171, 174, 164, 167, 187, 191, 190, 188, 189, 185, 178, 173, 172, 182, 186, 193, 183, 177, 169, 179, 180, 176, 192, 184, 159, 142, 150, 146, 154, 147, 135, 130, 134, 132, 128, 119, 104, 115, 116, 120, 127, 123, 122, 111, 109, 114, 107, 106, 96, 105, 117, 121, 102, 92, 87, 91, 94, 95, 101, 112, 108, 113, 126, 131, 133, 124, 125, 93, 89, 19, 64, 85, 84, 98, 100, 81, 61, 35, 0, 5, 3, 2, 4, 6, 1, 7, 15, 12, 10, 16, 25, 23, 22, 13, 24, 71, 90, 82, 78, 99, 83, 80, 69, 76, 72, 66, 65, 38, 28, 27, 56, 67, 63, 20, 17, 44, 21, 8, 9, 11, 14, 18, 34, 54, 52, 42, 50, 60, 46, 30, 31, 29, 37]