TSP SOLVER RESULTS - Qatar Dataset
============================================================

Algorithm Parameters:
  Population Size: 300
  Generations: 2500
  Crossover Rate: 0.85
  Mutation Rate: 0.25
  Elitism Count: 5
  Tournament Size: 3

Results:
  Best Tour Distance: 9884.59
  Initial Best Distance: 82426.09
  Improvement: 72541.49 (88.01%)
  Final Average Distance: 9884.59

Best Tour (city indices):
[67, 76, 83, 80, 78, 82, 87, 91, 96, 94, 95, 92, 90, 102, 105, 104, 106, 107, 99, 109, 111, 114, 115, 116, 117, 121, 140, 152, 151, 146, 150, 154, 135, 130, 128, 120, 119, 122, 123, 127, 132, 134, 142, 147, 159, 165, 161, 157, 158, 166, 167, 164, 156, 153, 149, 143, 138, 137, 141, 145, 148, 163, 171, 178, 173, 172, 174, 185, 186, 182, 183, 176, 180, 177, 179, 169, 170, 184, 192, 187, 188, 190, 191, 189, 193, 181, 175, 168, 162, 160, 155, 144, 139, 136, 133, 131, 129, 126, 124, 125, 118, 113, 112, 108, 101, 86, 77, 74, 71, 73, 68, 59, 69, 63, 56, 44, 28, 21, 27, 32, 17, 20, 23, 25, 16, 6, 10, 13, 12, 22, 24, 70, 75, 79, 81, 88, 89, 93, 98, 100, 103, 110, 97, 85, 84, 64, 19, 62, 35, 58, 61, 15, 7, 5, 0, 3, 1, 2, 4, 8, 9, 11, 14, 18, 29, 31, 30, 34, 41, 49, 54, 48, 43, 45, 40, 37, 39, 33, 38, 26, 36, 50, 46, 42, 47, 53, 51, 52, 55, 57, 60, 65, 66, 72]